11
NNCF01125867_39965-40622_Laupala_kohalensis_putativeCOX1_RC 0.0000000 0.2058509 0.4576078 1.9668023 0.3707547 0.3064180 0.3281098 0.4921005 0.5125019 0.5491069 0.3005269 
MT706095_TRIGONIDIUM_CICINDELOIDES                          0.2058509 0.0000000 0.3373148 1.7954087 0.3253093 0.2808355 0.2676113 0.4369660 0.3998906 0.4911080 0.2686267 
OQ182095_Aphomia_sociella                                   0.4576078 0.3373148 0.0000000 1.7460752 0.3454089 0.3789440 0.3733309 0.5268008 0.4169535 0.4627927 0.3994308 
MZ580904_Capitella_capitata                                 1.9668023 1.7954087 1.7460752 0.0000000 2.0277166 1.9039718 2.1227616 2.0391960 1.8373547 2.1615929 1.8271470 
MZ701944_Gryllodes_sigillatus                               0.3707547 0.3253093 0.3454089 2.0277166 0.0000000 0.1847897 0.2762833 0.5979037 0.5212310 0.4278075 0.1953448 
PP234604_Gryllus_assimilis                                  0.3064180 0.2808355 0.3789440 1.9039718 0.1847897 0.0000000 0.2056949 0.5321009 0.4143972 0.4189743 0.0888455 
MT859331_Acheta_domesticus                                  0.3281098 0.2676113 0.3733309 2.1227616 0.2762833 0.2056949 0.0000000 0.6197173 0.5684636 0.4499062 0.2055172 
OP686454_Harmonia_axyridis                                  0.4921005 0.4369660 0.5268008 2.0391960 0.5979037 0.5321009 0.6197173 0.0000000 0.5094356 0.6268648 0.5096280 
PQ496650_Phaedon_brassicae                                  0.5125019 0.3998906 0.4169535 1.8373547 0.5212310 0.4143972 0.5684636 0.5094356 0.0000000 0.5338004 0.4558419 
MK088307_Tenebrio_molitor                                   0.5491069 0.4911080 0.4627927 2.1615929 0.4278075 0.4189743 0.4499062 0.6268648 0.5338004 0.0000000 0.4249494 
KJ850234_Gryllus_bimaculatus                                0.3005269 0.2686267 0.3994308 1.8271470 0.1953448 0.0888455 0.2055172 0.5096280 0.4558419 0.4249494 0.0000000 
